8.094224
6.701515
5.568124
4.641435
3.880494
3.253193
8.094224
6.701515
5.568124
4.641435
3.880494
3.253193
8.094224
6.701515
5.568124
4.641435
3.880494
3.253193
8.094224
6.701515
5.568124
4.641435
3.880494
3.253193
8.094224
6.701515
5.568124
4.641435
3.880494
3.253193
8.094224
6.701515
5.568124
4.641435
3.880494
3.253193
50
50
50
50
50
50
50
50
50
50
50
50
50
50
50
50
50
50
50
50
50
50
50
50
50
50
50
50
50
50
50
50
50
50
50
50
50
50
50
50
50
50
50
50
50
50
50
50
50
50
50
50
50
50
50
50
50
50
50
50
6.961033
5.763303
4.788587
3.991634
3.337225
2.797746
5.827841
4.825091
4.00905
3.341833
2.793956
2.342299
4.69465
3.886879
3.229512
2.692032
2.250686
1.886852
3.561459
2.948667
2.449975
2.042231
1.707417
1.431405
2.428267
2.010454
1.670437
1.39243
1.164148
0.9759578
2.785585
2.346035
1.980187
1.674796
1.419182
1.204692
0.8206622
0.7001472
0.5981098
0.5115645
0.4380379
0.375475
0.1801956
0.1551965
0.1337525
0.1153404
0.09951718
0.08590726
0.02077052
0.01797842
0.01556205
0.01347022
0.01165882
0.01008989
0.0001550534
0.0001320707
0.0001122693
9.522664e-05
8.057579e-05
6.799802e-05
7.444349
6.175194
5.139749
4.291192
3.592937
3.016194
6.84447
5.688059
4.742293
3.965496
3.324978
2.794926
6.290646
5.237152
4.373518
3.662641
3.075308
2.588376
5.779274
4.819759
4.031362
3.381048
2.842711
2.395599
5.307061
4.433385
3.713922
3.119255
2.626054
2.215715
7.444349
6.175194
5.139749
4.291192
3.592937
3.016194
6.84447
5.688059
4.742293
3.965496
3.324978
2.794926
6.290646
5.237152
4.373518
3.662641
3.075308
2.588376
5.779274
4.819759
4.031362
3.381048
2.842711
2.395599
5.307061
4.433385
3.713922
3.119255
2.626054
2.215715
1.793191
1.514427
1.281389
1.086093
0.9220496
0.78396
0.3499108
0.2990106
0.2557595
0.2189595
0.1876093
0.1608709
0.04940082
0.04247906
0.03653904
0.03143848
0.02705633
0.02328949
0.003121351
0.002680084
0.002300168
0.0019731
0.001691562
0.001449258
0
0
0
0
0
0
0.7293057
0.6209683
0.5293911
0.4518496
0.3860878
0.330233
0.1561157
0.1339783
0.1150509
0.0988532
0.08497961
0.07308712
0.04935674
0.04247375
0.03656033
0.03147719
0.02710559
0.02334426
0.01952862
0.01681373
0.01447629
0.01246325
0.01072919
0.009235124
0.008936534
0.00768818
0.006612628
0.005685886
0.004887335
0.004199243
2.937806
2.471613
2.084094
1.761008
1.490894
1.264486
0.949698
0.808684
0.6895722
0.5887715
0.5033165
0.4307517
0.2488624
0.2138136
0.1838437
0.1581882
0.136203
0.1173447
0.04339959
0.03749705
0.03240498
0.02800984
0.02421444
0.02093556
0.002687647
0.00231773
0.001997563
0.001720497
0.00148078
0.001273429
2.937806
2.471613
2.084094
1.761008
1.490894
1.264486
0.949698
0.808684
0.6895722
0.5887715
0.5033165
0.4307517
0.2488624
0.2138136
0.1838437
0.1581882
0.136203
0.1173447
0.04339959
0.03749705
0.03240498
0.02800984
0.02421444
0.02093556
0.002687647
0.00231773
0.001997563
0.001720497
0.00148078
0.001273429
6.254552
4.751404
3.634031
2.796089
2.162798
1.680861
4.86499
3.404979
2.407859
1.717822
1.234863
0.8935221
3.806378
2.462563
1.615539
1.072166
0.718436
0.4853056
2.993732
1.795142
1.095376
0.6778211
0.4242134
0.2679319
2.365649
1.317644
0.7492942
0.4330287
0.2534218
0.1497564
6.254552
5.109188
4.189313
3.446859
2.84489
2.354803
4.86499
3.92213
3.174548
2.578709
2.101564
1.717822
3.806378
3.029267
2.420784
1.941756
1.56279
1.261652
2.993732
2.352366
1.856315
1.470507
1.168927
0.9321105
2.365649
1.835575
1.430541
1.119271
0.878823
0.6922196
8.094224
8.094224
8.094224
8.094224
8.094224
8.094224
50
50
50
50
50
50
50
50
50
50
50
50
50
50
50
50
50
50
50
50
50
50
50
50
50
50
50
50
50
50
50
50
50
50
50
50
50
50
50
50
50
50
50
50
50
50
50
50
50
50
50
50
50
50
50
50
50
50
50
50
6.961033
6.961033
6.961033
6.961033
6.961033
6.961033
5.827841
5.827841
5.827841
5.827841
5.827841
5.827841
4.69465
4.69465
4.69465
4.69465
4.69465
4.69465
3.561459
3.561459
3.561459
3.561459
3.561459
3.561459
2.428267
2.428267
2.428267
2.428267
2.428267
2.428267
2.785585
2.785585
2.785585
2.785585
2.785585
2.785585
0.8206622
0.8206622
0.8206622
0.8206622
0.8206622
0.8206622
0.1801956
0.1801956
0.1801956
0.1801956
0.1801956
0.1801956
0.02077052
0.02077052
0.02077052
0.02077052
0.02077052
0.02077052
0.0001550534
0.0001550534
0.0001550534
0.0001550534
0.0001550534
0.0001550534
7.444349
7.444349
7.444349
7.444349
7.444349
7.444349
6.84447
6.84447
6.84447
6.84447
6.84447
6.84447
6.290646
6.290646
6.290646
6.290646
6.290646
6.290646
5.779274
5.779274
5.779274
5.779274
5.779274
5.779274
5.307061
5.307061
5.307061
5.307061
5.307061
5.307061
7.444349
7.444349
7.444349
7.444349
7.444349
7.444349
6.84447
6.84447
6.84447
6.84447
6.84447
6.84447
6.290646
6.290646
6.290646
6.290646
6.290646
6.290646
5.779274
5.779274
5.779274
5.779274
5.779274
5.779274
5.307061
5.307061
5.307061
5.307061
5.307061
5.307061
1.793191
1.793191
1.793191
1.793191
1.793191
1.793191
0.3499108
0.3499108
0.3499108
0.3499108
0.3499108
0.3499108
0.04940082
0.04940082
0.04940082
0.04940082
0.04940082
0.04940082
0.003121351
0.003121351
0.003121351
0.003121351
0.003121351
0.003121351
0
0
0
0
0
0
0.7293057
0.7293057
0.7293057
0.7293057
0.7293057
0.7293057
0.1561157
0.1561157
0.1561157
0.1561157
0.1561157
0.1561157
0.04935674
0.04935674
0.04935674
0.04935674
0.04935674
0.04935674
0.01952862
0.01952862
0.01952862
0.01952862
0.01952862
0.01952862
0.008936534
0.008936534
0.008936534
0.008936534
0.008936534
0.008936534
2.937806
2.937806
2.937806
2.937806
2.937806
2.937806
0.949698
0.949698
0.949698
0.949698
0.949698
0.949698
0.2488624
0.2488624
0.2488624
0.2488624
0.2488624
0.2488624
0.04339959
0.04339959
0.04339959
0.04339959
0.04339959
0.04339959
0.002687647
0.002687647
0.002687647
0.002687647
0.002687647
0.002687647
2.937806
2.937806
2.937806
2.937806
2.937806
2.937806
0.949698
0.949698
0.949698
0.949698
0.949698
0.949698
0.2488624
0.2488624
0.2488624
0.2488624
0.2488624
0.2488624
0.04339959
0.04339959
0.04339959
0.04339959
0.04339959
0.04339959
0.002687647
0.002687647
0.002687647
0.002687647
0.002687647
0.002687647
6.254552
6.254552
6.254552
6.254552
6.254552
6.254552
4.86499
4.86499
4.86499
4.86499
4.86499
4.86499
3.806378
3.806378
3.806378
3.806378
3.806378
3.806378
2.993732
2.993732
2.993732
2.993732
2.993732
2.993732
2.365649
2.365649
2.365649
2.365649
2.365649
2.365649
6.254552
6.254552
6.254552
6.254552
6.254552
6.254552
4.86499
4.86499
4.86499
4.86499
4.86499
4.86499
3.806378
3.806378
3.806378
3.806378
3.806378
3.806378
2.993732
2.993732
2.993732
2.993732
2.993732
2.993732
2.365649
2.365649
2.365649
2.365649
2.365649
2.365649
8.094224
6.118895
4.28054
2.585463
1.047922
50
6.118895
4.600903
3.191469
1.896411
0.7284335
50
4.28054
3.191469
2.183671
1.262186
0.4377849
50
2.585463
1.896411
1.262186
0.6866506
0.1816661
50
1.047922
0.7284335
0.4377849
0.1816661
0.01493038
50
50
50
50
50
50
50
6.961033
50
50
50
50
50
5.827841
50
50
50
50
50
4.69465
50
50
50
50
50
3.561459
50
50
50
50
50
2.428267
50
50
50
50
50
2.785585
50
50
50
50
50
0.8206622
50
50
50
50
50
0.1801956
50
50
50
50
50
0.02077052
50
50
50
50
50
0.0001550534
50
50
50
50
50
7.444349
50
50
50
50
50
6.84447
50
50
50
50
50
6.290646
50
50
50
50
50
5.779274
50
50
50
50
50
5.307061
50
50
50
50
50
7.444349
50
50
50
50
50
6.84447
50
50
50
50
50
6.290646
50
50
50
50
50
5.779274
50
50
50
50
50
5.307061
50
50
50
50
50
1.793191
50
50
50
50
50
0.3499108
50
50
50
50
50
0.04940082
50
50
50
50
50
0.003121351
50
50
50
50
50
0
0
50
50
50
50
0.7293057
50
50
50
50
50
0.1561157
50
50
50
50
50
0.04935674
50
50
50
50
50
0.01952862
50
50
50
50
50
0.008936534
50
50
50
50
50
2.937806
50
50
50
50
50
0.949698
50
50
50
50
50
0.2488624
50
50
50
50
50
0.04339959
50
50
50
50
50
0.002687647
50
50
50
50
50
2.937806
50
50
50
50
50
0.949698
50
50
50
50
50
0.2488624
50
50
50
50
50
0.04339959
50
50
50
50
50
0.002687647
50
50
50
50
50
6.254552
50
50
50
50
50
4.86499
50
50
50
50
50
3.806378
50
50
50
50
50
2.993732
50
50
50
50
50
2.365649
50
50
50
50
50
6.254552
50
50
50
50
50
4.86499
50
50
50
50
50
3.806378
50
50
50
50
50
2.993732
50
50
50
50
50
2.365649
50
50
50
50
50
8.094224
50
50
50
50
50
6.961033
50
50
50
50
50
5.827841
50
50
50
50
50
4.69465
50
50
50
50
50
3.561459
50
50
50
50
50
2.428267
50
50
50
50
50
2.785585
50
50
50
50
50
0.8206622
50
50
50
50
50
0.1801956
50
50
50
50
50
0.02077052
50
50
50
50
50
0.0001550534
50
50
50
50
50
7.444349
50
50
50
50
50
6.84447
50
50
50
50
50
6.290646
50
50
50
50
50
5.779274
50
50
50
50
50
5.307061
50
50
50
50
50
7.444349
50
50
50
50
50
6.84447
50
50
50
50
50
6.290646
50
50
50
50
50
5.779274
50
50
50
50
50
5.307061
50
50
50
50
50
1.793191
50
50
50
50
50
0.3499108
50
50
50
50
50
0.04940082
50
50
50
50
50
0.003121351
50
50
50
50
50
0
0
50
50
50
50
0.7293057
50
50
50
50
50
0.1561157
50
50
50
50
50
0.04935674
50
50
50
50
50
0.01952862
50
50
50
50
50
0.008936534
50
50
50
50
50
2.937806
50
50
50
50
50
0.949698
50
50
50
50
50
0.2488624
50
50
50
50
50
0.04339959
50
50
50
50
50
0.002687647
50
50
50
50
50
2.937806
50
50
50
50
50
0.949698
50
50
50
50
50
0.2488624
50
50
50
50
50
0.04339959
50
50
50
50
50
0.002687647
50
50
50
50
50
6.254552
50
50
50
50
50
4.86499
50
50
50
50
50
3.806378
50
50
50
50
50
2.993732
50
50
50
50
50
2.365649
50
50
50
50
50
6.254552
50
50
50
50
50
4.86499
50
50
50
50
50
3.806378
50
50
50
50
50
2.993732
50
50
50
50
50
2.365649
50
50
50
50
50
8.094224
6.961033
5.827841
4.69465
3.561459
2.428267
2.785585
2.395603
2.005621
1.615639
1.225657
0.8356755
0.8206622
0.7057695
0.5908768
0.4759841
0.3610914
0.2461987
0.1801956
0.1549682
0.1297408
0.1045134
0.07928604
0.05405867
0.02077052
0.01786265
0.01495478
0.0120469
0.00913903
0.006231157
0.0001550534
0.0001333478
0.0001116418
8.993525e-05
6.822808e-05
4.652025e-05
7.444349
6.40214
5.359931
4.317722
3.275513
2.233305
6.84447
5.886244
4.928018
3.969793
3.011567
2.053341
6.290646
5.409955
4.529265
3.648574
2.767884
1.887194
5.779274
4.970176
4.161078
3.351979
2.542881
1.733782
5.307061
4.564072
3.821084
3.078095
2.335107
1.592118
7.444349
6.40214
5.359931
4.317722
3.275513
2.233305
6.84447
5.886244
4.928018
3.969793
3.011567
2.053341
6.290646
5.409955
4.529265
3.648574
2.767884
1.887194
5.779274
4.970176
4.161078
3.351979
2.542881
1.733782
5.307061
4.564072
3.821084
3.078095
2.335107
1.592118
1.793191
1.542144
1.291097
1.040051
0.7890039
0.5379572
0.3499108
0.3009233
0.2519358
0.2029483
0.1539608
0.1049732
0.04940082
0.0424847
0.03556859
0.02865248
0.02173636
0.01482025
0.003121351
0.002684363
0.002247374
0.001810384
0.001373395
0.0009364061
0
0
0
0
0
0
0.7293057
0.6272029
0.5251001
0.4229973
0.3208945
0.2187917
0.1561157
0.1342595
0.1124033
0.09054708
0.06869089
0.0468347
0.04935674
0.04244679
0.03553685
0.02862691
0.02171696
0.01480702
0.01952862
0.01679461
0.01406061
0.0113266
0.008592593
0.005858586
0.008936534
0.00768542
0.006434305
0.00518319
0.003932076
0.002680961
2.937806
2.526513
2.11522
1.703927
1.292635
0.8813418
0.949698
0.8167403
0.6837826
0.5508249
0.4178671
0.2849094
0.2488624
0.2140217
0.1791809
0.1443402
0.1094995
0.07465872
0.04339959
0.03732365
0.03124771
0.02517176
0.01909582
0.01301988
0.002687647
0.002311377
0.001935107
0.001558837
0.001182566
0.0008062954
2.937806
2.526513
2.11522
1.703927
1.292635
0.8813418
0.949698
0.8167403
0.6837826
0.5508249
0.4178671
0.2849094
0.2488624
0.2140217
0.1791809
0.1443402
0.1094995
0.07465872
0.04339959
0.03732365
0.03124771
0.02517176
0.01909582
0.01301988
0.002687647
0.002311377
0.001935107
0.001558837
0.001182566
0.0008062954
6.254552
5.378914
4.503277
3.62764
2.752003
1.876366
4.86499
4.183892
3.502793
2.821694
2.140596
1.459497
3.806378
3.273485
2.740592
2.207699
1.674806
1.141913
2.993732
2.574609
2.155487
1.736364
1.317242
0.8981195
2.365649
2.034458
1.703267
1.372076
1.040885
0.7096946
6.254552
5.378914
4.503277
3.62764
2.752003
1.876366
4.86499
4.183892
3.502793
2.821694
2.140596
1.459497
3.806378
3.273485
2.740592
2.207699
1.674806
1.141913
2.993732
2.574609
2.155487
1.736364
1.317242
0.8981195
2.365649
2.034458
1.703267
1.372076
1.040885
0.7096946
8.094224
2.785585
0.8206622
0.1801956
0.02077052
0.0001550534
7.444349
2.546475
0.7407866
0.1585962
0.01721703
9.701273e-05
6.84447
2.325942
0.6675615
0.1390916
0.01413011
5.516776e-05
6.290646
2.122599
0.6004945
0.1215176
0.01146599
2.702244e-05
5.779274
1.935168
0.5391289
0.1057213
0.009183893
1.032876e-05
5.307061
1.76247
0.4830408
0.09156045
0.007245762
2.616973e-06
7.444349
2.546475
0.7407866
0.1585962
0.01721703
9.701273e-05
6.84447
2.325942
0.6675615
0.1390916
0.01413011
5.516776e-05
6.290646
2.122599
0.6004945
0.1215176
0.01146599
2.702244e-05
5.779274
1.935168
0.5391289
0.1057213
0.009183893
1.032876e-05
5.307061
1.76247
0.4830408
0.09156045
0.007245762
2.616973e-06
1.793191
0.7703745
0.2800892
0.07663692
0.01168031
0.0001854885
0.3499108
0.1815739
0.08087191
0.02803321
0.005923917
0.0002225752
0.04940082
0.03109415
0.01737191
0.008013336
0.002567932
0.0002679377
0.003121351
0.002569673
0.00199637
0.001413562
0.0008432856
0.0003236424
0
2.751462e-06
1.263102e-05
4.324718e-05
0.0001328899
0.0003923318
0.7293057
0.2820895
0.09002568
0.02053658
0.002269898
9.617121e-06
0.1561157
0.06217254
0.02010435
0.004514504
0.0004495687
7.718804e-07
0.04935674
0.01977348
0.006344323
0.001370034
0.0001159217
7.821402e-08
0.01952862
0.007788314
0.00245126
0.000499497
3.342395e-05
1.110205e-08
0.008936534
0.003525002
0.001078597
0.000203123
1.00269e-05
2.152824e-09
2.937806
1.12718
0.3673957
0.08991788
0.01208358
0.0001550534
0.949698
0.4026606
0.1455102
0.04022919
0.00650304
0.0001550534
0.2488624
0.1170139
0.0475536
0.01527834
0.0031335
0.0001550534
0.04339959
0.02324451
0.01107477
0.004407024
0.001270702
0.0001550534
0.002687647
0.001838693
0.001188071
0.0007083889
0.0003727758
0.0001550534
2.937806
1.12718
0.3673957
0.08991788
0.01208358
0.0001550534
0.949698
0.4026606
0.1455102
0.04022919
0.00650304
0.0001550534
0.2488624
0.1170139
0.0475536
0.01527834
0.0031335
0.0001550534
0.04339959
0.02324451
0.01107477
0.004407024
0.001270702
0.0001550534
0.002687647
0.001838693
0.001188071
0.0007083889
0.0003727758
0.0001550534
6.254552
2.201459
0.6596738
0.1466481
0.01700905
0.0001240435
4.86499
1.747113
0.5316254
0.1195075
0.01393115
9.885671e-05
3.806378
1.391784
0.4294315
0.09750758
0.01141077
7.844019e-05
2.993732
1.112521
0.3476182
0.07964303
0.00934567
6.193011e-05
2.365649
0.8920568
0.2819344
0.06511292
0.007652744
4.861776e-05
6.254552
2.201459
0.6596738
0.1466481
0.01700905
0.0001240435
4.86499
1.747113
0.5316254
0.1195075
0.01393115
9.885671e-05
3.806378
1.391784
0.4294315
0.09750758
0.01141077
7.844019e-05
2.993732
1.112521
0.3476182
0.07964303
0.00934567
6.193011e-05
2.365649
0.8920568
0.2819344
0.06511292
0.007652744
4.861776e-05
8.094224
7.444349
6.84447
6.290646
5.779274
5.307061
7.444349
6.913949
6.419561
5.958691
5.529033
5.128455
6.84447
6.419561
6.01965
5.643242
5.288943
4.955447
6.290646
5.958691
5.643242
5.34347
5.05859
4.787862
5.779274
5.529033
5.288943
5.05859
4.837579
4.625531
5.307061
5.128455
4.955447
4.787862
4.625531
4.468288
1.793191
1.641409
1.501044
1.37129
1.251402
1.140686
0.3499108
0.3158195
0.2844984
0.2557564
0.2294144
0.2053046
0.04940082
0.04324078
0.03768868
0.03269857
0.02822729
0.02423428
0.003121351
0.002521112
0.002008576
0.00157497
0.001212057
0.0009121142
0
0
0
0
0
0
0.7293057
0.6809043
0.6352377
0.5921694
0.5515693
0.5133138
0.1561157
0.1463731
0.1371193
0.1283345
0.1199997
0.1120965
0.04935674
0.04634515
0.04347618
0.04074474
0.03814591
0.03567488
0.01952862
0.0183425
0.01721093
0.01613211
0.01510431
0.0141258
0.008936534
0.008390565
0.007869373
0.007372188
0.006898254
0.006446829
2.937806
2.688493
2.458389
2.246065
2.050208
1.869601
0.949698
0.8601595
0.7778946
0.7023724
0.6331004
0.5696213
0.2488624
0.2210689
0.195818
0.1729175
0.1521884
0.1334638
0.04339959
0.03705487
0.03143447
0.02647666
0.0221238
0.01832209
0.002687647
0.002054383
0.001533037
0.001110604
0.0007749465
0.0005147563
2.937806
2.688493
2.458389
2.246065
2.050208
1.869601
0.949698
0.8601595
0.7778946
0.7023724
0.6331004
0.5696213
0.2488624
0.2210689
0.195818
0.1729175
0.1521884
0.1334638
0.04339959
0.03705487
0.03143447
0.02647666
0.0221238
0.01832209
0.002687647
0.002054383
0.001533037
0.001110604
0.0007749465
0.0005147563
6.254552
5.767152
5.315619
4.897287
4.509707
4.150624
4.86499
4.496071
4.153202
3.834554
3.538436
3.263283
3.806378
3.524849
3.262452
3.017913
2.790048
2.577758
2.993732
2.777321
2.575099
2.386171
2.209697
2.044894
2.365649
2.198201
2.041373
1.894525
1.757055
1.628402
6.254552
5.767152
5.315619
4.897287
4.509707
4.150624
4.86499
4.496071
4.153202
3.834554
3.538436
3.263283
3.806378
3.524849
3.262452
3.017913
2.790048
2.577758
2.993732
2.777321
2.575099
2.386171
2.209697
2.044894
2.365649
2.198201
2.041373
1.894525
1.757055
1.628402
8.094224
7.444349
6.84447
6.290646
5.779274
5.307061
1.793191
1.641409
1.501044
1.37129
1.251402
1.140686
0.3499108
0.3158195
0.2844984
0.2557564
0.2294144
0.2053046
0.04940082
0.04324078
0.03768868
0.03269857
0.02822729
0.02423428
0.003121351
0.002521112
0.002008576
0.00157497
0.001212057
0.0009121142
0
0
0
0
0
0
0.7293057
0.6809043
0.6352377
0.5921694
0.5515693
0.5133138
0.1561157
0.1463731
0.1371193
0.1283345
0.1199997
0.1120965
0.04935674
0.04634515
0.04347618
0.04074474
0.03814591
0.03567488
0.01952862
0.0183425
0.01721093
0.01613211
0.01510431
0.0141258
0.008936534
0.008390565
0.007869373
0.007372188
0.006898254
0.006446829
2.937806
2.688493
2.458389
2.246065
2.050208
1.869601
0.949698
0.8601595
0.7778946
0.7023724
0.6331004
0.5696213
0.2488624
0.2210689
0.195818
0.1729175
0.1521884
0.1334638
0.04339959
0.03705487
0.03143447
0.02647666
0.0221238
0.01832209
0.002687647
0.002054383
0.001533037
0.001110604
0.0007749465
0.0005147563
2.937806
2.688493
2.458389
2.246065
2.050208
1.869601
0.949698
0.8601595
0.7778946
0.7023724
0.6331004
0.5696213
0.2488624
0.2210689
0.195818
0.1729175
0.1521884
0.1334638
0.04339959
0.03705487
0.03143447
0.02647666
0.0221238
0.01832209
0.002687647
0.002054383
0.001533037
0.001110604
0.0007749465
0.0005147563
6.254552
5.767152
5.315619
4.897287
4.509707
4.150624
4.86499
4.496071
4.153202
3.834554
3.538436
3.263283
3.806378
3.524849
3.262452
3.017913
2.790048
2.577758
2.993732
2.777321
2.575099
2.386171
2.209697
2.044894
2.365649
2.198201
2.041373
1.894525
1.757055
1.628402
6.254552
5.767152
5.315619
4.897287
4.509707
4.150624
4.86499
4.496071
4.153202
3.834554
3.538436
3.263283
3.806378
3.524849
3.262452
3.017913
2.790048
2.577758
2.993732
2.777321
2.575099
2.386171
2.209697
2.044894
2.365649
2.198201
2.041373
1.894525
1.757055
1.628402
8.094224
1.793191
0.3499108
0.04940082
0.003121351
0
0.7293057
0.210437
0.0495313
0.0079283
0.0005105023
0
0.1561157
0.04945665
0.01245795
0.002054276
0.0001196041
0
0.04935674
0.01631492
0.004210912
0.0006835208
3.244739e-05
0
0.01952862
0.006579138
0.001699782
0.0002626912
9.226617e-06
0
0.008936534
0.003026445
0.0007700058
0.0001097291
2.688059e-06
0
2.937806
0.7297268
0.15541
0.0238466
0.001687787
0
0.949698
0.2600928
0.06030974
0.0101376
0.000821775
0
0.2488624
0.07461011
0.01893343
0.003547686
0.0003418934
0
0.04339959
0.014342
0.004068117
0.0008837027
0.0001085865
0
0.002687647
0.001029021
0.0003515946
9.87359e-05
1.824969e-05
0
2.937806
0.7297268
0.15541
0.0238466
0.001687787
0
0.949698
0.2600928
0.06030974
0.0101376
0.000821775
0
0.2488624
0.07461011
0.01893343
0.003547686
0.0003418934
0
0.04339959
0.014342
0.004068117
0.0008837027
0.0001085865
0
0.002687647
0.001029021
0.0003515946
9.87359e-05
1.824969e-05
0
6.254552
1.427664
0.2837306
0.04047993
0.002557784
0
4.86499
1.140552
0.2304664
0.03318929
0.00209434
0
3.806378
0.9140206
0.1874964
0.02722477
0.001713288
0
2.993732
0.7345574
0.1527556
0.02234056
0.001400059
0
2.365649
0.5918533
0.1246121
0.01833767
0.001142672
0
6.254552
1.427664
0.2837306
0.04047993
0.002557784
0
4.86499
1.140552
0.2304664
0.03318929
0.00209434
0
3.806378
0.9140206
0.1874964
0.02722477
0.001713288
0
2.993732
0.7345574
0.1527556
0.02234056
0.001400059
0
2.365649
0.5918533
0.1246121
0.01833767
0.001142672
0
8.094224
0.7293057
0.1561157
0.04935674
0.01952862
0.008936534
2.937806
0.3006214
0.06667835
0.02130756
0.008426673
0.003828412
0.949698
0.1067109
0.02420493
0.00773525
0.003023853
0.001346538
0.2488624
0.02968787
0.006747128
0.002111615
0.000795719
0.0003363643
0.04339959
0.005231013
0.001136124
0.0003276326
0.0001093422
3.909917e-05
0.002687647
0.000281136
4.641447e-05
8.759396e-06
1.747621e-06
3.846317e-07
2.937806
0.3006214
0.06667835
0.02130756
0.008426673
0.003828412
0.949698
0.1067109
0.02420493
0.00773525
0.003023853
0.001346538
0.2488624
0.02968787
0.006747128
0.002111615
0.000795719
0.0003363643
0.04339959
0.005231013
0.001136124
0.0003276326
0.0001093422
3.909917e-05
0.002687647
0.000281136
4.641447e-05
8.759396e-06
1.747621e-06
3.846317e-07
6.254552
0.5876808
0.1273726
0.04045988
0.01603054
0.007331925
4.86499
0.4746529
0.1040381
0.03318285
0.01315925
0.006012966
3.806378
0.3841708
0.0850633
0.02722508
0.01080128
0.00492866
2.993732
0.3115332
0.06961056
0.02234328
0.008864077
0.00403722
2.365649
0.2530701
0.0570088
0.01834012
0.007272057
0.003304379
6.254552
0.5876808
0.1273726
0.04045988
0.01603054
0.007331925
4.86499
0.4746529
0.1040381
0.03318285
0.01315925
0.006012966
3.806378
0.3841708
0.0850633
0.02722508
0.01080128
0.00492866
2.993732
0.3115332
0.06961056
0.02234328
0.008864077
0.00403722
2.365649
0.2530701
0.0570088
0.01834012
0.007272057
0.003304379
8.094224
2.937806
0.949698
0.2488624
0.04339959
0.002687647
2.937806
1.205873
0.4399498
0.132321
0.02808975
0.002687647
0.949698
0.4399498
0.1830857
0.06470053
0.01739003
0.002687647
0.2488624
0.132321
0.06470053
0.02808975
0.01017025
0.002687647
0.04339959
0.02808975
0.01739003
0.01017025
0.005514106
0.002687647
0.002687647
0.002687647
0.002687647
0.002687647
0.002687647
0.002687647
6.254552
2.319725
0.7622162
0.2021638
0.03552283
0.002193711
4.86499
1.839508
0.6133979
0.1644826
0.02909141
0.001788736
3.806378
1.464329
0.4948487
0.1340117
0.02383459
0.001456769
2.993732
1.169738
0.4001042
0.1093227
0.01953379
0.00118474
2.365649
0.9373706
0.3241581
0.08928204
0.01601222
0.00096193
6.254552
2.319725
0.7622162
0.2021638
0.03552283
0.002193711
4.86499
1.839508
0.6133979
0.1644826
0.02909141
0.001788736
3.806378
1.464329
0.4948487
0.1340117
0.02383459
0.001456769
2.993732
1.169738
0.4001042
0.1093227
0.01953379
0.00118474
2.365649
0.9373706
0.3241581
0.08928204
0.01601222
0.00096193
8.094224
2.937806
0.949698
0.2488624
0.04339959
0.002687647
6.254552
2.319725
0.7622162
0.2021638
0.03552283
0.002193711
4.86499
1.839508
0.6133979
0.1644826
0.02909141
0.001788736
3.806378
1.464329
0.4948487
0.1340117
0.02383459
0.001456769
2.993732
1.169738
0.4001042
0.1093227
0.01953379
0.00118474
2.365649
0.9373706
0.3241581
0.08928204
0.01601222
0.00096193
6.254552
2.319725
0.7622162
0.2021638
0.03552283
0.002193711
4.86499
1.839508
0.6133979
0.1644826
0.02909141
0.001788736
3.806378
1.464329
0.4948487
0.1340117
0.02383459
0.001456769
2.993732
1.169738
0.4001042
0.1093227
0.01953379
0.00118474
2.365649
0.9373706
0.3241581
0.08928204
0.01601222
0.00096193
8.094224
6.254552
4.86499
3.806378
2.993732
2.365649
6.254552
5.103191
4.180434
3.437017
2.835229
2.345961
4.86499
4.180434
3.600195
3.106941
2.686485
2.327168
3.806378
3.437017
3.106941
2.81154
2.546805
2.309236
2.993732
2.835229
2.686485
2.546805
2.41555
2.292134
2.365649
2.345961
2.327168
2.309236
2.292134
2.275828
