11.01085
8.997436
7.385964
6.088349
5.037709
4.182778
11.01085
11.01085
11.01085
11.01085
11.01085
11.01085
11.01085
8.34357
5.859658
3.566965
1.483693
50
11.01085
8.34357
5.859658
3.566965
1.483693
50
11.01085
9.469334
7.927815
6.386295
4.844776
3.303256
11.01085
4.867771
1.9773
0.6908553
0.1767753
0.0114533
11.01085
8.663662
6.806855
5.33469
4.166073
3.238237
11.01085
8.663662
6.806855
5.33469
4.166073
3.238237
11.01085
3.455176
1.023775
0.2604086
0.04571975
0
11.01085
1.007098
0.2201226
0.07090648
0.02854004
0.01327648
11.01085
9.036592
7.131949
5.319182
3.625092
2.082194
11.01085
9.244729
7.608894
6.108349
4.747905
3.532112
11.01085
8.392513
6.449426
4.992008
3.888597
3.04627
11.01085
8.392513
6.449426
4.992008
3.888597
3.04627
