29.28289
24.66364
20.74811
17.36956
14.35823
11.46771
29.28289
24.66364
20.74811
17.36956
14.35823
11.46771
29.28289
24.66364
20.74811
17.36956
14.35823
11.46771
29.28289
24.66364
20.74811
17.36956
14.35823
11.46771
29.28289
24.66364
20.74811
17.36956
14.35823
11.46771
29.28289
24.66364
20.74811
17.36956
14.35823
11.46771
22.26764
18.71318
15.69414
13.07921
10.73103
8.441839
15.72834
13.16986
10.98988
9.090452
7.365029
5.643399
9.682634
8.050333
6.65119
5.41856
4.275133
3.087677
4.172881
3.393816
2.714586
2.097938
1.496207
0.8359114
50
50
50
50
50
50
22.26764
18.71318
15.69414
13.07921
10.73103
8.441839
15.72834
13.16986
10.98988
9.090452
7.365029
5.643399
9.682634
8.050333
6.65119
5.41856
4.275133
3.087677
4.172881
3.393816
2.714586
2.097938
1.496207
0.8359113
50
50
50
50
50
50
26.3546
22.19728
18.6733
15.6326
12.92241
10.32094
23.42631
19.73091
16.59849
13.89565
11.48659
9.174171
20.49803
17.26455
14.52368
12.15869
10.05077
8.027402
17.56974
14.79819
12.44887
10.42174
8.614943
6.880632
14.64145
12.33182
10.37406
8.684782
7.17912
5.733862
18.45111
15.69026
13.30901
11.216
9.30969
7.426105
10.64659
9.135475
7.808279
6.61823
5.507831
4.374151
5.336028
4.616567
3.972232
3.381487
2.814797
2.214099
2.031247
1.769825
1.530526
1.30539
1.082229
0.8351928
0.2800639
0.2452046
0.2124535
0.1806529
0.1478477
0.1096855
18.2802
15.55079
13.19154
11.11316
9.215006
7.332365
11.44867
9.812726
8.374301
7.082963
5.876114
4.640881
7.138145
6.15212
5.271629
4.467018
3.698093
2.886773
4.396647
3.803823
3.26672
2.767408
2.279646
1.749618
2.652548
2.299926
1.975939
1.669582
1.363693
1.021765
23.11547
19.57314
16.53987
13.89452
11.50731
9.177613
18.2802
15.55079
13.19154
11.11316
9.215006
7.332365
14.4679
12.35737
10.51699
8.880014
7.367482
5.843321
11.44867
9.812726
8.374301
7.082963
5.876114
4.640881
9.049375
7.779542
6.654178
5.634777
4.671329
3.669985
26.43716
22.34608
18.85926
15.83308
13.11754
10.48753
23.39035
19.84872
16.8115
14.158
11.75831
9.41008
20.12217
17.15034
14.58374
12.32422
10.26227
8.220025
16.60938
14.22586
12.15052
10.30713
8.606879
6.898599
12.82457
11.04483
9.48033
8.075896
6.76381
5.422598
2.337379
2.022629
1.73617
1.46839
1.20491
0.9158518
0.4951611
0.428605
0.3661186
0.3054267
0.2427283
0.1697588
0.1580758
0.1360226
0.1149006
0.09387806
0.07152057
0.04478809
0.06359338
0.05424898
0.04517058
0.03598206
0.02603512
0.0141032
0.02969737
0.02507065
0.02052761
0.01587523
0.01079083
0.00485377
16.02249
13.63306
11.56684
9.745771
8.081713
6.430042
8.629702
7.399169
6.31634
5.343355
4.433013
3.499835
4.510762
3.889316
3.333721
2.8253
2.338573
1.823789
2.247515
1.945289
1.671027
1.415567
1.165396
0.8926602
1.039827
0.9018843
0.774875
0.6544666
0.5338464
0.3984575
27.32808
23.07568
19.45722
16.32219
13.51461
10.80267
25.25043
21.37998
18.07259
15.19411
12.60263
10.08187
23.0377
19.56469
16.58307
13.97507
11.61323
9.297731
20.67574
17.61592
14.97543
12.65284
10.53547
8.441188
18.14791
15.51716
13.23379
11.21262
9.356112
7.501237
0.02091176
0.03127973
0.03628564
0.03158731
0.0189312
0.005312397
1.425791e-05
4.659198e-05
8.048993e-05
6.755512e-05
1.967594e-05
1.325883e-06
1.316849e-10
1.493761e-09
8.456876e-09
2.088113e-08
1.994539e-08
6.508327e-09
1.524341e-14
2.67276e-13
3.857579e-12
3.987712e-11
2.472372e-10
7.211263e-10
3.832526e-17
4.438404e-16
1.282248e-14
4.824747e-13
2.212588e-11
9.93897e-10
21.60506
20.38033
18.56195
16.28055
13.65925
10.73062
16.14336
17.05494
17.15245
16.35997
14.69347
12.17645
12.19359
14.43935
16.35476
17.62728
17.93303
16.89651
9.296714
12.35808
16.08139
20.40715
25.08773
29.43289
7.14606
10.68479
16.30333
25.49823
41.09955
68.63161
29.28289
29.28289
29.28289
29.28289
29.28289
29.28289
22.26764
22.26764
22.26764
22.26764
22.26764
22.26764
15.72834
15.72834
15.72834
15.72834
15.72834
15.72834
9.682634
9.682634
9.682634
9.682634
9.682634
9.682634
4.172881
4.172881
4.172881
4.172881
4.172881
4.172881
50
50
50
50
50
50
22.26764
22.26764
22.26764
22.26764
22.26764
22.26764
15.72834
15.72834
15.72834
15.72834
15.72834
15.72834
9.682634
9.682634
9.682634
9.682634
9.682634
9.682634
4.172881
4.172881
4.172881
4.172881
4.172881
4.172881
50
50
50
50
50
50
26.3546
26.3546
26.3546
26.3546
26.3546
26.3546
23.42631
23.42631
23.42631
23.42631
23.42631
23.42631
20.49803
20.49803
20.49803
20.49803
20.49803
20.49803
17.56974
17.56974
17.56974
17.56974
17.56974
17.56974
14.64145
14.64145
14.64145
14.64145
14.64145
14.64145
18.45111
18.45111
18.45111
18.45111
18.45111
18.45111
10.64659
10.64659
10.64659
10.64659
10.64659
10.64659
5.336028
5.336028
5.336028
5.336028
5.336028
5.336028
2.031247
2.031247
2.031247
2.031247
2.031247
2.031247
0.2800639
0.2800639
0.2800639
0.2800639
0.2800639
0.2800639
18.2802
18.2802
18.2802
18.2802
18.2802
18.2802
11.44867
11.44867
11.44867
11.44867
11.44867
11.44867
7.138145
7.138145
7.138145
7.138145
7.138145
7.138145
4.396647
4.396647
4.396647
4.396647
4.396647
4.396647
2.652548
2.652548
2.652548
2.652548
2.652548
2.652548
23.11547
23.11547
23.11547
23.11547
23.11547
23.11547
18.2802
18.2802
18.2802
18.2802
18.2802
18.2802
14.4679
14.4679
14.4679
14.4679
14.4679
14.4679
11.44867
11.44867
11.44867
11.44867
11.44867
11.44867
9.049375
9.049375
9.049375
9.049375
9.049375
9.049375
26.43716
26.43716
26.43716
26.43716
26.43716
26.43716
23.39035
23.39035
23.39035
23.39035
23.39035
23.39035
20.12217
20.12217
20.12217
20.12217
20.12217
20.12217
16.60938
16.60938
16.60938
16.60938
16.60938
16.60938
12.82457
12.82457
12.82457
12.82457
12.82457
12.82457
2.337379
2.337379
2.337379
2.337379
2.337379
2.337379
0.4951611
0.4951611
0.4951611
0.4951611
0.4951611
0.4951611
0.1580758
0.1580758
0.1580758
0.1580758
0.1580758
0.1580758
0.06359338
0.06359338
0.06359338
0.06359338
0.06359338
0.06359338
0.02969737
0.02969737
0.02969737
0.02969737
0.02969737
0.02969737
16.02249
16.02249
16.02249
16.02249
16.02249
16.02249
8.629702
8.629702
8.629702
8.629702
8.629702
8.629702
4.510762
4.510762
4.510762
4.510762
4.510762
4.510762
2.247515
2.247515
2.247515
2.247515
2.247515
2.247515
1.039827
1.039827
1.039827
1.039827
1.039827
1.039827
27.32808
27.32808
27.32808
27.32808
27.32808
27.32808
25.25043
25.25043
25.25043
25.25043
25.25043
25.25043
23.0377
23.0377
23.0377
23.0377
23.0377
23.0377
20.67574
20.67574
20.67574
20.67574
20.67574
20.67574
18.14791
18.14791
18.14791
18.14791
18.14791
18.14791
0.02091176
0.02091176
0.02091176
0.02091176
0.02091176
0.02091176
1.425791e-05
1.425791e-05
1.425791e-05
1.425791e-05
1.425791e-05
1.425791e-05
1.316849e-10
1.316849e-10
1.316849e-10
1.316849e-10
1.316849e-10
1.316849e-10
1.524341e-14
1.524341e-14
1.524341e-14
1.524341e-14
1.524341e-14
1.524341e-14
3.832526e-17
3.832526e-17
3.832526e-17
3.832526e-17
3.832526e-17
3.832526e-17
21.60506
21.60506
21.60506
21.60506
21.60506
21.60506
16.14336
16.14336
16.14336
16.14336
16.14336
16.14336
12.19359
12.19359
12.19359
12.19359
12.19359
12.19359
9.296714
9.296714
9.296714
9.296714
9.296714
9.296714
7.14606
7.14606
7.14606
7.14606
7.14606
7.14606
29.28289
22.26764
15.72834
9.682634
4.172881
50
22.26764
16.87114
11.84964
7.219714
3.020447
50
15.72834
11.84964
8.249695
4.943392
1.965251
50
9.682634
7.219714
4.943392
2.865972
1.017614
50
4.172881
3.020448
1.965251
1.017613
0.234478
50
50
50
50
50
50
50
26.3546
20.04088
14.15551
8.714377
3.755617
50
23.42631
17.81412
12.58268
7.74612
3.338351
50
20.49803
15.58736
11.00985
6.777863
2.921084
50
17.56974
13.3606
9.437019
5.809605
2.503817
50
14.64145
11.13384
7.864188
4.841347
2.086547
50
18.45111
14.00839
9.868915
6.044777
2.564522
50
10.64659
8.06627
5.663448
3.445759
1.430909
50
5.336028
4.031322
2.817285
1.698163
0.6835359
50
2.031247
1.528232
1.060675
0.6303951
0.2413529
50
0.2800639
0.2092926
0.1436188
0.08333007
0.02903347
50
18.2802
13.87256
9.766271
5.973548
2.523127
50
11.44867
8.66788
6.078866
3.690068
1.520903
50
7.138145
5.38951
3.762657
2.263374
0.9046285
50
4.396647
3.308672
2.297327
1.366525
0.5247659
50
2.652548
1.988077
1.371031
0.8039914
0.2924033
50
23.11547
17.56043
12.38369
7.599919
3.244017
50
18.2802
13.87256
9.766271
5.973548
2.523127
50
14.4679
10.96709
7.706631
4.696694
1.960919
50
11.44867
8.66788
6.078866
3.690068
1.520903
50
9.049375
6.842343
4.78824
2.894067
1.175721
50
26.43716
20.09639
14.18639
8.723441
3.746425
50
23.39035
17.77268
12.5373
7.698917
3.29262
50
20.12217
15.28147
10.77084
6.603264
2.809612
50
16.60938
12.60564
8.875563
5.430206
2.295711
50
12.82457
9.725266
6.838443
4.172966
1.749644
50
2.337379
1.756263
1.216289
0.7196126
0.270863
50
0.4951611
0.3675643
0.2493399
0.1410462
0.0438724
50
0.1580758
0.1158453
0.07682168
0.04120617
0.009681289
50
0.06359338
0.04596647
0.02971971
0.01494438
0.002379638
50
0.02969737
0.02114768
0.01328693
0.006169136
0.0006168519
50
16.02249
12.15866
8.559046
5.234377
2.209884
50
8.629702
6.532866
4.580698
2.779588
1.144219
50
4.510762
3.405013
2.376332
1.428402
0.5694545
50
2.247515
1.690715
1.173182
0.6969354
0.2663469
50
1.039827
0.7788571
0.5365499
0.3139304
0.1131515
50
27.32808
20.77603
14.66891
9.02343
3.879589
50
25.25043
19.19113
13.54375
8.323955
3.569178
50
23.0377
17.50378
12.34651
7.580452
3.240237
50
20.67574
15.70336
11.0699
6.788656
2.89122
50
18.14791
13.77747
9.705417
5.943664
2.520446
50
0.02091176
0.01469404
0.008989142
0.003852945
0.0002619817
50
1.42579e-05
4.149762e-06
6.709755e-07
5.196808e-08
1.220733e-09
50
1.316852e-10
3.959269e-11
9.928314e-12
1.853658e-12
1.872933e-13
50
1.52434e-14
7.369604e-15
3.278733e-15
1.176113e-15
2.920869e-16
50
1.992292e-17
1.279394e-17
7.652585e-18
4.027157e-18
1.561741e-18
50
21.60506
16.4111
11.571
7.098566
3.026557
50
16.14336
12.24851
8.620147
5.269165
2.221117
50
12.19359
9.240844
6.491008
3.952735
1.646106
50
9.296714
7.036913
4.933095
2.992178
1.230036
50
7.14606
5.402224
3.779302
2.282856
0.9254984
50
29.28289
22.26764
15.72834
9.682634
4.172881
50
26.3546
20.04088
14.15551
8.714377
3.755617
50
23.42631
17.81412
12.58268
7.74612
3.338351
50
20.49803
15.58736
11.00985
6.777863
2.921084
50
17.56974
13.3606
9.437019
5.809605
2.503817
50
14.64145
11.13384
7.864188
4.841347
2.086547
50
18.45111
14.00839
9.868915
6.044777
2.564522
50
10.64659
8.06627
5.663448
3.445759
1.430909
50
5.336028
4.031322
2.817285
1.698163
0.6835359
50
2.031247
1.528232
1.060675
0.6303951
0.2413529
50
0.2800639
0.2092926
0.1436188
0.08333007
0.02903347
50
18.2802
13.87256
9.766271
5.973548
2.523127
50
11.44867
8.66788
6.078866
3.690068
1.520903
50
7.138145
5.38951
3.762657
2.263374
0.9046285
50
4.396647
3.308672
2.297327
1.366525
0.5247659
50
2.652548
1.988077
1.371031
0.8039914
0.2924034
50
23.11547
17.56043
12.38369
7.599919
3.244017
50
18.2802
13.87256
9.766271
5.973548
2.523127
50
14.4679
10.96709
7.706631
4.696694
1.960919
50
11.44867
8.66788
6.078866
3.690068
1.520903
50
9.049375
6.842343
4.78824
2.894067
1.175721
50
26.43716
20.09639
14.18639
8.723441
3.746425
50
23.39035
17.77268
12.5373
7.698917
3.29262
50
20.12217
15.28147
10.77084
6.603264
2.809612
50
16.60938
12.60564
8.875563
5.430206
2.295711
50
12.82457
9.725266
6.838443
4.172966
1.749644
50
2.337379
1.756263
1.216289
0.7196126
0.270863
50
0.4951611
0.3675643
0.2493399
0.1410462
0.0438724
50
0.1580758
0.1158453
0.07682168
0.04120617
0.009681289
50
0.06359338
0.04596647
0.02971971
0.01494438
0.002379639
50
0.02969737
0.02114768
0.01328693
0.006169136
0.0006168517
50
16.02249
12.15866
8.559046
5.234377
2.209884
50
8.629702
6.532866
4.580698
2.779588
1.144219
50
4.510762
3.405013
2.376332
1.428402
0.5694546
50
2.247515
1.690715
1.173182
0.6969354
0.2663469
50
1.039827
0.7788571
0.5365499
0.3139304
0.1131515
50
27.32808
20.77603
14.66891
9.02343
3.879589
50
25.25043
19.19113
13.54375
8.323955
3.569178
50
23.0377
17.50378
12.34651
7.580452
3.240237
50
20.67574
15.70336
11.0699
6.788656
2.89122
50
18.14791
13.77747
9.705417
5.943664
2.520446
50
0.02091176
0.01469404
0.008989142
0.003852944
0.000261982
50
1.42579e-05
4.149762e-06
6.709753e-07
5.196801e-08
1.220732e-09
50
1.316852e-10
3.959274e-11
9.928285e-12
1.85366e-12
1.872913e-13
50
1.52434e-14
7.369689e-15
3.214002e-15
1.176114e-15
2.921044e-16
50
1.992292e-17
1.27941e-17
7.652486e-18
4.027906e-18
1.764143e-18
50
21.60506
16.4111
11.571
7.098566
3.026557
50
16.14336
12.24851
8.620147
5.269165
2.221117
50
12.19359
9.240844
6.491008
3.952735
1.646106
50
9.296714
7.036913
4.933095
2.992178
1.230036
50
7.14606
5.402224
3.779302
2.282856
0.9254984
50
29.28289
26.3546
23.42631
20.49803
17.56974
14.64145
18.45111
16.606
14.76089
12.91578
11.07067
9.225556
10.64659
9.58193
8.517271
7.452612
6.387954
5.323295
5.336028
4.802425
4.268822
3.735219
3.201617
2.668014
2.031247
1.828122
1.624997
1.421873
1.218748
1.015623
0.2800639
0.2520575
0.2240511
0.1960447
0.1680383
0.1400319
18.2802
16.45218
14.62416
12.79614
10.96812
9.140103
11.44867
10.3038
9.158936
8.014069
6.869202
5.724335
7.138145
6.42433
5.710516
4.996701
4.282887
3.569072
4.396647
3.956982
3.517317
3.077653
2.637988
2.198323
2.652548
2.387294
2.122039
1.856784
1.591529
1.326274
23.11547
20.80392
18.49238
16.18083
13.86928
11.55774
18.2802
16.45218
14.62416
12.79614
10.96812
9.140103
14.4679
13.02111
11.57432
10.12753
8.680742
7.233952
11.44867
10.3038
9.158936
8.014069
6.869202
5.724335
9.049375
8.144438
7.2395
6.334563
5.429625
4.524688
26.43716
23.79345
21.14973
18.50602
15.8623
13.21859
23.39035
21.05131
18.71228
16.37325
14.03421
11.69518
20.12217
18.10996
16.09774
14.08552
12.07331
10.06109
16.60938
14.94844
13.2875
11.62657
9.96563
8.304693
12.82457
11.54212
10.25966
8.977203
7.694746
6.412289
2.337379
2.103641
1.869903
1.636165
1.402427
1.168689
0.4951611
0.445645
0.3961289
0.3466128
0.2970967
0.2475806
0.1580758
0.1422682
0.1264606
0.1106531
0.09484548
0.0790379
0.06359338
0.05723405
0.05087471
0.04451537
0.03815603
0.03179669
0.02969737
0.02672763
0.0237579
0.02078816
0.01781842
0.01484869
16.02249
14.42025
12.818
11.21575
9.613497
8.011248
8.629702
7.766731
6.903761
6.040791
5.177821
4.314851
4.510762
4.059686
3.60861
3.157533
2.706457
2.255381
2.247515
2.022764
1.798012
1.573261
1.348509
1.123758
1.039827
0.9358447
0.8318619
0.7278792
0.6238965
0.5199137
27.32808
24.59528
21.86247
19.12966
16.39686
13.66405
25.25043
22.72539
20.20035
17.67531
15.15027
12.62522
23.0377
20.73393
18.43017
16.1264
13.82263
11.51886
20.67574
18.60816
16.54059
14.47302
12.40545
10.33787
18.14791
16.33312
14.51833
12.70354
10.88875
9.073958
0.02091176
0.01882058
0.01672941
0.01463823
0.01254706
0.01045588
1.425791e-05
1.285148e-05
1.144158e-05
1.002798e-05
8.610453e-06
7.188708e-06
1.316849e-10
1.207886e-10
1.095227e-10
9.785097e-11
8.573187e-11
7.311689e-11
1.524341e-14
1.414282e-14
1.297471e-14
1.173674e-14
1.041985e-14
9.010751e-15
3.832526e-17
1.920049e-17
1.717157e-17
1.563065e-17
1.39824e-17
1.218195e-17
21.60506
19.44455
17.28405
15.12354
12.96304
10.80253
16.14336
14.52902
12.91469
11.30035
9.686015
8.071679
12.19359
10.97423
9.754873
8.535514
7.316155
6.096796
9.296714
8.367042
7.437371
6.5077
5.578028
4.648357
7.14606
6.431454
5.716848
5.002242
4.287636
3.57303
29.28289
18.45111
10.64659
5.336028
2.031247
0.2800639
18.2802
11.23501
6.26506
2.990479
1.056774
0.1283972
11.44867
6.817168
3.637395
1.626789
0.5175157
0.0515262
7.138145
4.083605
2.05721
0.8417833
0.2290576
0.01603202
4.396647
2.390017
1.115562
0.4022614
0.08503754
0.002684253
2.652548
1.349465
0.5672439
0.1689062
0.02223028
6.974859e-06
23.11547
14.39582
8.174886
4.00532
1.473498
0.1919578
18.2802
11.23501
6.26506
2.990479
1.056774
0.1283972
14.4679
8.760505
4.785353
2.216354
0.7466789
0.08313967
11.44867
6.817168
3.637395
1.626789
0.5175157
0.0515262
9.049375
5.287952
2.746902
1.179376
0.3498946
0.03004627
26.43716
17.17718
10.28913
5.413668
2.213696
0.3699281
23.39035
15.73655
9.830947
5.459082
2.414119
0.4951953
20.12217
14.09161
9.235107
5.448801
2.629199
0.6728739
16.60938
12.19151
8.446924
5.343962
2.849679
0.9299281
12.82457
9.965292
7.382874
5.078791
3.05427
1.3104
2.337379
1.424826
0.7853721
0.3693194
0.1283467
0.01542942
0.4951611
0.2934458
0.1561179
0.07012295
0.0229005
0.002513381
0.1580758
0.0916351
0.04743134
0.02056169
0.006395309
0.0006514188
0.06359338
0.03619175
0.01830534
0.007697546
0.002292576
0.0002174584
0.02969737
0.01662749
0.008236539
0.003367103
0.0009614092
8.457069e-05
16.02249
10.90338
6.840082
3.768854
1.613014
0.2800639
8.629702
6.319984
4.306283
2.613266
1.264308
0.2800639
4.510762
3.554843
2.635663
1.769036
0.9751401
0.2800639
2.247515
1.912625
1.55094
1.159857
0.736867
0.2800639
1.039827
0.9631894
0.8624604
0.7274114
0.5420061
0.2800639
27.32808
16.97214
9.687164
4.831171
1.854072
0.2800639
25.25043
15.4434
8.718034
4.329918
1.679509
0.2800639
23.0377
13.86352
7.740515
3.833108
1.5077
0.2800639
20.67574
12.23133
6.75621
3.341666
1.338793
0.2800639
18.14791
10.54585
5.767069
2.856624
1.172945
0.2800639
0.02091176
0.01514344
0.01006403
0.005801762
0.002511387
0.0003768635
1.425791e-05
7.807016e-06
3.527115e-06
1.201563e-06
2.585024e-07
1.588417e-08
1.316849e-10
7.230913e-11
3.588058e-11
1.524592e-11
4.844773e-12
5.484927e-13
1.524341e-14
1.106181e-14
7.581739e-15
4.703242e-15
2.343957e-15
4.584678e-16
3.832526e-17
1.783293e-17
1.548879e-17
1.259241e-17
8.576281e-18
2.420209e-18
21.60506
13.82138
8.094697
4.116892
1.589995
0.2223699
16.14336
10.46298
6.207816
3.198372
1.251335
0.1772715
12.19359
7.993183
4.796906
2.500085
0.9895822
0.1418328
9.296714
6.155202
3.731484
1.964975
0.785994
0.1138516
7.14606
4.773176
2.919943
1.551982
0.6267439
0.09166247
29.28289
18.2802
11.44867
7.138145
4.396647
2.652548
23.11547
15.1605
9.943921
6.48675
4.184529
2.652548
18.2802
12.57334
8.631712
5.891563
3.98179
2.652548
14.4679
10.42273
7.486585
5.347699
3.788024
2.652548
11.44867
8.631712
6.48675
4.850733
3.602844
2.652548
9.049375
7.138145
5.613502
4.396647
3.425882
2.652548
26.43716
16.05437
9.767033
5.897366
3.500051
2.019036
23.39035
13.76609
8.099006
4.708171
2.670621
1.455458
20.12217
11.42458
6.462414
3.588216
1.92253
0.9716481
16.60938
9.044041
4.880571
2.558941
1.271741
0.5775532
12.82457
6.64594
3.384207
1.646479
0.7359475
0.2824479
2.337379
1.643252
1.13792
0.772888
0.5121632
0.3288238
0.4951611
0.3600199
0.2568894
0.1791489
0.1214485
0.07945584
0.1580758
0.1165913
0.08424122
0.05936971
0.04057894
0.0266886
0.06359338
0.04721783
0.03429805
0.02426054
0.01660783
0.0109087
0.02969737
0.02210964
0.01608309
0.01137423
0.007767957
0.005074325
16.02249
10.02857
6.247806
3.844386
2.316368
1.352513
8.629702
5.372049
3.302166
1.987069
1.15826
0.6449305
4.510762
2.769904
1.664588
0.9686167
0.5380868
0.2795849
2.247515
1.348863
0.783532
0.4342491
0.2248907
0.1052778
1.039827
0.602957
0.3333789
0.1720766
0.08015303
0.03169118
27.32808
16.70951
10.24063
6.234812
3.736677
2.181638
25.25043
15.09141
9.029107
5.351535
3.107771
1.745308
23.0377
13.42698
7.819886
4.49489
2.515628
1.347817
20.67574
11.71831
6.620249
3.672616
1.96662
0.9936342
18.14791
9.968848
5.439342
2.893846
1.467836
0.6873584
0.02091176
0.01568591
0.01149063
0.00817757
0.005613439
0.003678516
1.425791e-05
8.426918e-06
4.613271e-06
2.314885e-06
1.054193e-06
4.314716e-07
1.316849e-10
7.680244e-11
4.344855e-11
2.373994e-11
1.245338e-11
6.239014e-12
1.524341e-14
1.05705e-14
7.17879e-15
4.75972e-15
3.068331e-15
1.912989e-15
3.832526e-17
1.529364e-17
1.158812e-17
8.598613e-18
6.237466e-18
4.403374e-18
21.60506
13.78084
8.783699
5.556962
3.464934
2.112263
16.14336
10.48909
6.78887
4.350714
2.742718
1.687742
12.19359
8.050575
5.281311
3.423669
2.179677
1.3527
9.296714
6.224412
4.132331
2.706479
1.738454
1.087209
7.14606
4.843742
3.250043
2.148338
1.39107
0.8760563
29.28289
23.11547
18.2802
14.4679
11.44867
9.049375
26.43716
20.58464
16.05437
12.52666
9.767033
7.601049
23.39035
17.93181
13.76609
10.56707
8.099006
6.188922
20.12217
15.15521
11.42458
8.60426
6.462414
4.831395
16.60938
12.25565
9.044041
6.659128
4.880571
3.55161
12.82457
9.237834
6.64594
4.760555
3.384207
2.378894
2.337379
1.963075
1.643252
1.37036
1.13792
0.940363
0.4951611
0.4231175
0.3600199
0.3049003
0.2568894
0.2152063
0.1580758
0.1360769
0.1165913
0.09938454
0.08424122
0.07096354
0.06359338
0.05493451
0.04721783
0.04036372
0.03429805
0.02895176
0.02969737
0.02569194
0.02210964
0.01891714
0.01608309
0.01357802
16.02249
12.67742
10.02857
7.923957
6.247806
4.911013
8.629702
6.816122
5.372049
4.220626
3.302166
2.569935
4.510762
3.542243
2.769904
2.154371
1.664588
1.275901
2.247515
1.746982
1.348863
1.033062
0.783532
0.5873909
1.039827
0.7957283
0.602957
0.4515255
0.3333789
0.2419956
27.32808
21.35058
16.70951
13.08472
10.24063
8.001549
25.25043
19.5053
15.09141
11.67925
9.029107
6.963987
23.0377
17.57557
13.42698
10.25565
7.819886
5.943185
20.67574
15.55737
11.71831
8.819477
6.620249
4.94701
18.14791
13.44674
9.968848
7.378104
5.439342
3.985015
0.02091176
0.01816011
0.01568591
0.01346909
0.01149063
0.009732488
1.425791e-05
1.105936e-05
8.426918e-06
6.29923e-06
4.613271e-06
3.305763e-06
1.316849e-10
1.009278e-10
7.680244e-11
5.800114e-11
4.344855e-11
3.226621e-11
1.524341e-14
1.242838e-14
1.05705e-14
8.735345e-15
7.17879e-15
5.864382e-15
3.832526e-17
1.750464e-17
1.529364e-17
1.335341e-17
1.158812e-17
1.034638e-17
21.60506
17.24927
13.78084
11.00777
8.783699
6.995962
16.14336
13.01415
10.48909
8.44576
6.78887
5.443593
12.19359
9.912516
8.050575
6.527943
5.281311
4.260107
9.296714
7.612774
6.224412
5.078533
4.132331
3.351084
7.14606
5.889172
4.843742
3.973832
3.250043
2.648201
29.28289
26.43716
23.39035
20.12217
16.60938
12.82457
2.337379
1.892314
1.483076
1.113381
0.7870695
0.5080137
0.4951611
0.3818601
0.2836233
0.200512
0.1324182
0.07901559
0.1580758
0.1182418
0.08490673
0.05779767
0.03656182
0.02075405
0.06359338
0.04652462
0.0325939
0.02157809
0.01322012
0.007226745
0.02969737
0.02134593
0.01466082
0.009488695
0.005661775
0.00299799
16.02249
15.73167
15.33196
14.77438
13.98129
12.82457
8.629702
9.239814
9.95126
10.78111
11.7417
12.82457
4.510762
5.30609
6.36122
7.801095
9.833702
12.82457
2.247515
2.94453
3.97885
5.582633
8.209169
12.82457
1.039827
1.553493
2.414492
3.938355
6.827254
12.82457
27.32808
24.75721
22.03463
19.14794
16.08322
12.82457
25.25043
22.99091
20.62542
18.1474
15.54975
12.82457
23.0377
21.13119
19.15929
17.1194
15.00879
12.82457
20.67574
19.17003
17.6325
16.06269
14.46017
12.82457
18.14791
17.09826
16.04084
14.97589
13.9037
12.82457
0.02091176
0.0194009
0.01774324
0.01589678
0.01379692
0.01133976
1.425791e-05
1.163776e-05
9.109915e-06
6.74823e-06
4.638128e-06
2.863842e-06
1.316849e-10
1.073823e-10
8.650909e-11
6.863866e-11
5.328666e-11
3.985399e-11
1.524341e-14
1.483768e-14
1.458847e-14
1.461617e-14
1.481341e-14
1.511379e-14
3.832526e-17
2.246396e-17
2.628347e-17
3.178961e-17
4.000561e-17
6.754774e-17
21.60506
19.54073
17.32491
14.94082
12.36859
9.583929
16.14336
14.62447
12.99057
11.22786
9.319668
7.244954
12.19359
11.06251
9.843468
8.525207
7.093813
5.531355
9.296714
8.445701
7.526968
6.531345
5.447293
4.25964
7.14606
6.50003
5.801553
5.04316
4.215304
3.305217
29.28289
2.337379
0.4951611
0.1580758
0.06359338
0.02969737
16.02249
1.439664
0.3152499
0.102047
0.04131141
0.01933703
8.629702
0.8566766
0.1931674
0.0632815
0.02574164
0.01206083
4.510762
0.4872605
0.1127137
0.03728936
0.01521435
0.00712264
2.247515
0.2608161
0.06165509
0.02054614
0.008388593
0.003914315
1.039827
0.1281696
0.03083047
0.01031507
0.004200522
0.00194662
27.32808
2.00689
0.4097402
0.1278202
0.05056842
0.02330327
25.25043
1.694319
0.3324495
0.1011626
0.03930518
0.01785331
23.0377
1.401272
0.2633759
0.0780141
0.0297209
0.01328803
20.67574
1.129425
0.2025625
0.05826265
0.02172231
0.009543235
18.14791
0.880521
0.149999
0.04177002
0.01520496
0.006549935
0.02091176
0.003123109
0.0007454176
0.0002240051
7.565675e-05
2.706254e-05
1.425791e-05
5.293953e-07
3.947517e-08
5.237412e-09
1.042292e-09
2.762302e-10
1.316849e-10
6.441106e-12
8.426661e-13
1.866122e-13
5.706671e-14
2.165809e-14
1.524341e-14
1.592444e-15
3.446104e-16
1.098246e-16
4.438004e-17
2.103295e-17
3.832526e-17
3.157211e-18
8.936454e-19
3.445653e-19
1.606734e-19
8.520984e-20
21.60506
1.851969
0.4003485
0.1289368
0.05209326
0.02437457
16.14336
1.473032
0.3243358
0.1052919
0.04270091
0.02001134
12.19359
1.175726
0.2632326
0.0860729
0.03502146
0.01643208
9.296714
0.9414014
0.2139939
0.07042732
0.02873617
0.01349409
7.14606
0.7559507
0.1742266
0.05767275
0.0235873
0.01108116
29.28289
16.02249
8.629702
4.510762
2.247515
1.039827
27.32808
15.7774
8.979838
4.982924
2.658459
1.33687
25.25043
15.47206
9.362765
5.549709
3.189448
1.752365
23.0377
15.08812
9.779359
6.237967
3.889238
2.348674
20.67574
14.60007
10.22775
7.084393
4.832795
3.230497
18.14791
13.97171
10.70042
8.139914
6.139549
4.581625
0.02091176
0.01379475
0.008713888
0.005208856
0.002894609
0.001452954
1.425791e-05
7.35467e-06
3.431951e-06
1.423196e-06
5.136743e-07
1.569099e-07
1.316849e-10
6.706303e-11
3.245819e-11
1.47696e-11
6.219887e-12
2.364761e-12
1.524341e-14
9.292415e-15
5.440777e-15
3.030731e-15
1.714246e-15
7.585326e-16
3.832526e-17
1.354562e-17
8.873697e-18
5.564781e-18
3.293003e-18
1.799141e-18
21.60506
12.08317
6.625122
3.514563
1.773041
0.8289804
16.14336
9.199808
5.123391
2.753751
1.404768
0.6630632
12.19359
7.062965
3.987662
2.168466
1.11732
0.5319397
9.296714
5.462154
3.121515
1.715274
0.8918202
0.427907
7.14606
4.251484
2.45603
1.362304
0.7141055
0.3450726
29.28289
27.32808
25.25043
23.0377
20.67574
18.14791
0.02091176
0.01986842
0.01874693
0.01753104
0.01619843
0.01471757
1.425791e-05
1.235175e-05
1.04765e-05
8.658808e-06
6.930498e-06
5.327152e-06
1.316849e-10
1.137445e-10
9.768059e-11
8.333271e-11
7.052266e-11
5.90491e-11
1.524341e-14
1.500198e-14
1.487371e-14
1.487962e-14
1.502496e-14
1.531951e-14
3.832526e-17
2.19225e-17
2.454883e-17
2.804463e-17
3.276905e-17
3.924715e-17
21.60506
20.18436
18.67229
17.05931
15.33424
13.48377
16.14336
15.09639
13.98077
12.78903
11.51231
10.13997
12.19359
11.4129
10.58018
9.689525
8.733924
7.704828
9.296714
8.708674
8.080877
7.408671
6.686457
5.907356
7.14606
6.699241
6.221838
5.710157
5.15972
4.564974
29.28289
0.02091176
1.425791e-05
1.316849e-10
1.524341e-14
3.832526e-17
21.60506
0.009686496
1.366821e-06
6.086487e-12
8.992195e-16
1.410743e-18
16.14336
0.004467124
1.046238e-07
3.809626e-13
7.170298e-17
1.17336e-19
12.19359
0.002034986
8.032714e-09
3.120404e-14
7.184594e-18
1.159518e-20
9.296714
0.0009062206
6.92138e-10
3.221933e-15
8.640633e-19
1.223767e-21
7.14606
0.000388553
6.941693e-11
4.047739e-16
2.338205e-18
1.440665e-22
